1 106 1 1 106 106 106 106 106 106 106 1 1 106 106 106 106 106 106 106 106 106 106 106 106 106 106 106 106 106 106 106 106 106 106 106 106 106 106 105
3 106 2 3 106 106 106 106 106 106 106 3 3 106 106 106 106 106 106 106 106 106 106 106 106 106 106 106 106 106 106 106 106 106 106 106 106 106 106 106
5 106 106 4 106 106 106 106 106 106 106 4 4 106 106 106 106 106 106 106 106 106 106 106 106 106 106 106 106 106 106 106 106 106 106 106 106 106 106 106
105 106 6 105 106 106 106 106 106 106 106 105 105 106 106 106 106 106 106 106 106 106 106 106 106 106 106 106 106 106 106 106 106 106 106 106 106 106 106 106
106 106 106 106 8 106 7 106 106 106 106 106 106 106 106 106 106 106 106 106 106 106 106 106 106 106 106 106 106 106 106 106 106 106 106 106 106 106 106 106
106 106 106 106 10 106 106 9 106 106 106 106 106 106 106 106 106 106 106 106 106 106 106 106 106 106 106 106 106 106 106 106 106 106 106 106 106 106 106 106
106 106 106 11 106 12 106 106 106 106 106 11 11 106 106 106 106 106 106 106 106 106 106 106 106 106 106 106 106 106 106 106 106 106 106 106 106 106 106 106
106 13 106 106 106 105 106 106 14 106 106 106 106 106 106 106 106 106 106 106 106 106 106 106 106 106 13 106 106 106 106 106 106 106 106 106 106 106 106 106
106 15 106 106 106 105 106 106 106 106 106 106 106 106 106 106 106 106 106 106 106 106 106 106 106 106 15 106 106 106 106 106 106 106 106 106 106 106 106 106
106 17 106 106 106 106 106 17 106 17 106 106 106 106 106 106 106 106 106 106 106 106 106 106 106 106 16 106 106 106 106 106 106 106 106 106 106 106 106 106
106 106 106 106 106 105 106 106 18 106 106 106 106 106 106 106 106 106 106 106 106 106 106 106 106 106 106 106 106 106 106 106 106 106 106 106 106 106 106 106
106 106 106 19 106 20 106 106 106 106 106 19 19 106 106 106 106 106 106 106 106 106 106 106 106 106 106 106 106 106 106 106 106 106 106 106 106 106 106 106
106 106 106 21 105 106 106 106 106 106 106 21 21 106 106 106 106 106 106 106 106 106 106 106 106 106 106 106 106 106 106 106 106 106 106 106 106 106 106 106
106 106 106 106 105 106 106 106 23 106 22 106 106 106 106 106 106 106 106 106 106 106 106 106 106 106 106 106 106 106 106 106 106 106 106 106 106 106 106 106
105 106 106 24 106 106 106 106 106 106 106 24 24 106 106 106 106 106 106 106 106 106 106 106 106 106 106 106 106 106 106 106 106 106 106 106 106 106 106 106
106 105 106 106 25 106 106 106 106 106 106 106 106 106 106 106 106 106 106 106 106 106 106 106 106 106 106 106 106 106 106 106 106 106 106 106 106 106 106 106
106 106 106 26 106 30 106 106 106 106 106 27 28 29 106 106 29 29 29 29 106 106 106 106 106 106 106 106 106 106 106 106 106 106 106 106 106 106 106 106
106 106 106 31 106 105 106 106 32 106 106 106 106 106 106 106 106 106 106 106 106 106 106 106 106 32 32 106 32 106 106 106 106 106 106 106 106 106 106 106
106 105 106 33 106 105 106 106 106 106 106 106 106 34 106 105 34 34 34 34 106 106 106 106 106 106 106 106 106 106 106 106 106 106 106 106 106 106 106 106
106 106 106 35 106 36 106 106 106 106 106 106 106 35 106 106 35 35 35 35 106 106 106 106 106 106 106 106 106 106 106 106 106 106 106 106 106 106 106 106
106 105 106 105 106 105 106 106 106 106 106 106 106 37 106 105 38 39 40 41 106 106 106 106 106 106 106 106 106 106 106 106 106 106 106 106 106 106 106 106
106 105 106 42 106 106 106 106 106 105 106 106 106 106 106 106 106 106 106 106 106 106 106 106 106 106 106 106 106 106 106 106 106 106 106 106 106 106 106 106
106 45 106 44 43 106 106 106 106 106 106 106 106 44 106 45 44 44 44 44 106 106 106 106 106 106 106 106 106 106 106 106 106 106 106 106 106 106 106 106
106 105 106 46 106 106 106 105 46 105 106 106 106 106 106 106 106 106 106 106 46 46 46 46 46 106 106 106 106 106 106 106 106 106 106 106 106 106 106 106
106 48 106 106 106 106 106 48 106 48 106 106 106 106 106 106 106 106 106 106 106 106 106 106 106 106 106 106 106 47 47 47 47 47 47 106 106 106 106 106
106 105 106 49 106 106 106 105 49 105 106 106 106 106 106 106 106 106 106 106 49 49 49 49 49 106 106 105 106 105 105 105 105 105 105 106 106 106 106 106
106 51 106 106 106 106 106 51 106 51 106 106 106 106 106 106 106 106 106 106 50 50 106 106 106 106 106 51 106 51 51 51 51 51 51 50 106 106 106 106
106 106 106 105 106 106 106 106 105 106 106 106 106 106 106 106 106 106 106 106 52 53 105 105 105 106 106 106 106 106 106 106 106 106 106 106 106 106 106 106
106 105 106 54 106 106 106 105 54 105 106 106 106 106 106 106 106 106 106 106 54 54 54 54 54 106 106 105 106 105 105 105 105 105 105 105 106 106 106 106
106 56 106 106 106 106 106 56 106 56 106 106 106 106 106 106 106 106 106 106 56 56 106 106 106 106 106 56 106 56 56 56 56 56 56 56 55 55 55 106
106 105 106 57 106 106 106 105 60 105 106 106 106 106 106 106 106 106 106 106 62 62 58 59 61 106 106 105 106 105 105 105 105 105 105 105 105 105 105 106
106 105 106 63 106 106 106 105 106 105 106 106 106 106 106 106 106 106 106 106 105 105 106 106 106 106 106 105 106 105 105 105 105 105 105 105 105 105 105 106
106 66 106 106 106 106 106 66 65 66 106 106 106 106 106 106 106 106 106 106 66 66 106 106 106 66 64 66 106 66 66 66 66 66 66 66 66 66 66 106
106 68 106 106 106 106 106 68 106 68 106 106 106 106 106 106 106 106 106 106 68 68 106 106 106 68 67 68 68 68 68 68 68 68 68 68 68 68 68 106
106 70 106 106 106 106 106 70 106 70 106 106 106 106 106 106 106 106 106 106 70 70 106 106 106 69 106 70 106 70 70 70 70 70 70 70 70 70 70 106
106 106 106 71 106 106 106 106 106 105 106 106 106 106 106 106 106 106 106 106 106 106 106 106 106 106 106 106 105 106 106 106 106 106 106 106 106 106 106 106
106 106 106 106 106 106 106 106 73 74 106 106 106 106 106 106 106 106 106 106 106 106 106 106 106 72 72 106 74 106 106 106 106 106 106 106 106 106 106 106
106 106 106 106 106 106 106 106 106 76 106 106 106 106 106 106 106 106 106 106 106 106 106 106 106 75 106 106 76 106 106 106 106 106 106 106 106 106 106 106
106 105 106 106 106 106 106 105 106 105 106 106 106 106 106 106 106 106 106 106 105 105 106 106 106 105 77 105 105 105 105 105 105 105 105 105 105 105 105 106
106 105 106 106 106 106 106 105 106 105 106 106 106 106 106 106 106 106 106 106 106 106 106 106 106 106 78 106 106 106 106 106 106 106 106 106 106 106 106 106
106 106 106 81 106 106 106 106 106 106 106 79 80 106 106 106 106 106 106 106 106 106 106 106 106 106 106 106 106 106 106 106 106 106 106 106 106 106 106 106
106 106 106 82 106 106 106 106 106 83 106 82 82 106 106 106 106 106 106 106 106 106 106 106 106 106 106 106 106 106 106 106 106 106 106 106 106 106 106 106
106 106 106 106 106 106 106 84 106 85 106 106 106 106 106 106 106 106 106 106 106 106 106 106 106 106 106 106 106 106 106 106 106 106 106 106 106 106 106 106
106 106 106 86 106 106 106 106 86 87 106 106 106 106 106 106 106 106 106 106 86 86 86 86 86 106 106 106 106 106 106 106 106 106 106 106 106 106 106 106
106 106 106 106 106 106 106 88 106 89 106 106 106 106 106 106 106 106 106 106 106 106 106 106 106 106 106 106 106 106 106 106 106 106 106 106 106 106 106 106
106 106 106 106 106 106 106 90 106 105 106 106 106 106 106 106 106 106 106 106 106 106 106 106 106 106 106 106 106 106 106 106 106 106 106 106 106 106 106 106
106 106 106 106 106 106 106 91 106 105 106 106 106 106 106 106 106 106 106 106 106 106 106 106 106 106 106 106 106 106 106 106 106 106 106 106 106 106 106 106
106 106 106 105 106 106 106 106 105 106 106 106 106 106 106 106 106 106 106 106 105 105 105 105 105 106 106 106 92 106 106 106 106 106 106 106 106 106 106 106
106 106 106 105 106 106 106 106 105 106 106 106 106 106 106 106 106 106 106 106 105 105 105 105 105 106 106 106 106 93 94 95 96 97 98 106 106 106 106 106
106 106 106 105 106 106 106 106 105 106 106 106 106 106 106 106 106 106 106 106 99 100 105 105 105 106 106 106 106 106 106 106 106 106 106 101 106 106 106 106
106 106 106 105 106 106 106 106 105 106 106 106 106 106 106 106 106 106 106 106 105 105 105 105 105 106 106 106 106 106 106 106 106 106 106 106 102 103 104 106