1 0 1 1 0 0 0 0 0 0 0 1 1 0 0 0 0 0 0 0 0 0 0 0 0 0 0 0 0 0 0 0 0 0 0 0 0 0 0 0
3 0 2 3 0 0 0 0 0 0 0 3 3 0 0 0 0 0 0 0 0 0 0 0 0 0 0 0 0 0 0 0 0 0 0 0 0 0 0 0
5 0 0 4 0 0 0 0 0 0 0 4 4 0 0 0 0 0 0 0 0 0 0 0 0 0 0 0 0 0 0 0 0 0 0 0 0 0 0 0
0 0 6 0 0 0 0 0 0 0 0 0 0 0 0 0 0 0 0 0 0 0 0 0 0 0 0 0 0 0 0 0 0 0 0 0 0 0 0 0
0 0 0 0 8 0 7 0 0 0 0 0 0 0 0 0 0 0 0 0 0 0 0 0 0 0 0 0 0 0 0 0 0 0 0 0 0 0 0 0
0 0 0 0 10 0 0 9 0 0 0 0 0 0 0 0 0 0 0 0 0 0 0 0 0 0 0 0 0 0 0 0 0 0 0 0 0 0 0 0
0 0 0 11 0 12 0 0 0 0 0 11 11 0 0 0 0 0 0 0 0 0 0 0 0 0 0 0 0 0 0 0 0 0 0 0 0 0 0 0
0 13 0 0 0 0 0 0 14 0 0 0 0 0 0 0 0 0 0 0 0 0 0 0 0 0 13 0 0 0 0 0 0 0 0 0 0 0 0 0
0 15 0 0 0 0 0 0 0 0 0 0 0 0 0 0 0 0 0 0 0 0 0 0 0 0 15 0 0 0 0 0 0 0 0 0 0 0 0 0
0 17 0 0 0 0 0 17 0 17 0 0 0 0 0 0 0 0 0 0 0 0 0 0 0 0 16 0 0 0 0 0 0 0 0 0 0 0 0 0
0 0 0 0 0 0 0 0 18 0 0 0 0 0 0 0 0 0 0 0 0 0 0 0 0 0 0 0 0 0 0 0 0 0 0 0 0 0 0 0
0 0 0 19 0 20 0 0 0 0 0 19 19 0 0 0 0 0 0 0 0 0 0 0 0 0 0 0 0 0 0 0 0 0 0 0 0 0 0 0
0 0 0 21 0 0 0 0 0 0 0 21 21 0 0 0 0 0 0 0 0 0 0 0 0 0 0 0 0 0 0 0 0 0 0 0 0 0 0 0
0 0 0 0 0 0 0 0 23 0 22 0 0 0 0 0 0 0 0 0 0 0 0 0 0 0 0 0 0 0 0 0 0 0 0 0 0 0 0 0
0 0 0 24 0 0 0 0 0 0 0 24 24 0 0 0 0 0 0 0 0 0 0 0 0 0 0 0 0 0 0 0 0 0 0 0 0 0 0 0
0 0 0 0 25 0 0 0 0 0 0 0 0 0 0 0 0 0 0 0 0 0 0 0 0 0 0 0 0 0 0 0 0 0 0 0 0 0 0 0
0 0 0 26 0 30 0 0 0 0 0 27 28 29 0 0 29 29 29 29 0 0 0 0 0 0 0 0 0 0 0 0 0 0 0 0 0 0 0 0
0 0 0 31 0 0 0 0 32 0 0 0 0 0 0 0 0 0 0 0 0 0 0 0 0 32 32 0 32 0 0 0 0 0 0 0 0 0 0 0
0 0 0 33 0 0 0 0 0 0 0 0 0 34 0 0 34 34 34 34 0 0 0 0 0 0 0 0 0 0 0 0 0 0 0 0 0 0 0 0
0 0 0 35 0 36 0 0 0 0 0 0 0 35 0 0 35 35 35 35 0 0 0 0 0 0 0 0 0 0 0 0 0 0 0 0 0 0 0 0
0 0 0 0 0 0 0 0 0 0 0 0 0 37 0 0 38 39 40 41 0 0 0 0 0 0 0 0 0 0 0 0 0 0 0 0 0 0 0 0
0 0 0 42 0 0 0 0 0 0 0 0 0 0 0 0 0 0 0 0 0 0 0 0 0 0 0 0 0 0 0 0 0 0 0 0 0 0 0 0
0 45 0 44 43 0 0 0 0 0 0 0 0 44 0 45 44 44 44 44 0 0 0 0 0 0 0 0 0 0 0 0 0 0 0 0 0 0 0 0
0 0 0 46 0 0 0 0 46 0 0 0 0 0 0 0 0 0 0 0 46 46 46 46 46 0 0 0 0 0 0 0 0 0 0 0 0 0 0 0
0 48 0 0 0 0 0 48 0 48 0 0 0 0 0 0 0 0 0 0 0 0 0 0 0 0 0 0 0 47 47 47 47 47 47 0 0 0 0 0
0 0 0 49 0 0 0 0 49 0 0 0 0 0 0 0 0 0 0 0 49 49 49 49 49 0 0 0 0 0 0 0 0 0 0 0 0 0 0 0
0 51 0 0 0 0 0 51 0 51 0 0 0 0 0 0 0 0 0 0 50 50 0 0 0 0 0 51 0 51 51 51 51 51 51 50 0 0 0 0
0 0 0 0 0 0 0 0 0 0 0 0 0 0 0 0 0 0 0 0 52 53 0 0 0 0 0 0 0 0 0 0 0 0 0 0 0 0 0 0
0 0 0 54 0 0 0 0 54 0 0 0 0 0 0 0 0 0 0 0 54 54 54 54 54 0 0 0 0 0 0 0 0 0 0 0 0 0 0 0
0 56 0 0 0 0 0 56 0 56 0 0 0 0 0 0 0 0 0 0 56 56 0 0 0 0 0 56 0 56 56 56 56 56 56 56 55 55 55 0
0 0 0 57 0 0 0 0 60 0 0 0 0 0 0 0 0 0 0 0 62 62 58 59 61 0 0 0 0 0 0 0 0 0 0 0 0 0 0 0
0 0 0 63 0 0 0 0 0 0 0 0 0 0 0 0 0 0 0 0 0 0 0 0 0 0 0 0 0 0 0 0 0 0 0 0 0 0 0 0
0 0 0 0 0 0 0 0 65 104 0 0 0 0 0 0 0 0 0 0 104 104 0 0 0 104 64 104 0 0 0 0 104 104 0 0 0 0 0 0
0 67 0 0 0 0 0 67 0 67 0 0 0 0 0 0 0 0 0 0 67 67 0 0 0 67 66 67 67 67 67 67 67 67 67 67 67 67 67 0
0 69 0 0 0 0 0 69 0 69 0 0 0 0 0 0 0 0 0 0 69 69 0 0 0 68 0 69 0 69 69 69 69 69 69 69 69 69 69 0
0 0 0 70 0 0 0 0 0 0 0 0 0 0 0 0 0 0 0 0 0 0 0 0 0 0 0 0 0 0 0 0 0 0 0 0 0 0 0 0
0 0 0 0 0 0 0 0 72 103 0 0 0 0 0 0 0 0 0 0 0 0 0 0 0 71 71 0 103 0 0 0 0 0 0 0 0 0 0 0
0 0 0 0 0 0 0 0 0 74 0 0 0 0 0 0 0 0 0 0 0 0 0 0 0 73 0 0 74 0 0 0 0 0 0 0 0 0 0 0
0 0 0 0 0 0 0 0 0 0 0 0 0 0 0 0 0 0 0 0 0 0 0 0 0 0 75 0 0 0 0 0 0 0 0 0 0 0 0 0
0 0 0 0 0 0 0 0 0 0 0 0 0 0 0 0 0 0 0 0 0 0 0 0 0 0 76 0 0 0 0 0 0 0 0 0 0 0 0 0
0 0 0 79 0 0 0 0 0 0 0 77 78 0 0 0 0 0 0 0 0 0 0 0 0 0 0 0 0 0 0 0 0 0 0 0 0 0 0 0
0 0 0 80 0 0 0 0 0 81 0 80 80 0 0 0 0 0 0 0 0 0 0 0 0 0 0 0 0 0 0 0 0 0 0 0 0 0 0 0
0 0 0 0 0 0 0 82 0 83 0 0 0 0 0 0 0 0 0 0 0 0 0 0 0 0 0 0 0 0 0 0 0 0 0 0 0 0 0 0
0 0 0 84 0 0 0 0 84 85 0 0 0 0 0 0 0 0 0 0 84 84 84 84 84 0 0 0 0 0 0 0 0 0 0 0 0 0 0 0
0 0 0 0 0 0 0 86 0 87 0 0 0 0 0 0 0 0 0 0 0 0 0 0 0 0 0 0 0 0 0 0 0 0 0 0 0 0 0 0
0 0 0 0 0 0 0 88 0 0 0 0 0 0 0 0 0 0 0 0 0 0 0 0 0 0 0 0 0 0 0 0 0 0 0 0 0 0 0 0
0 0 0 0 0 0 0 89 0 0 0 0 0 0 0 0 0 0 0 0 0 0 0 0 0 0 0 0 0 0 0 0 0 0 0 0 0 0 0 0
0 0 0 0 0 0 0 0 0 0 0 0 0 0 0 0 0 0 0 0 0 0 0 0 0 0 0 0 90 0 0 0 0 0 0 0 0 0 0 0
0 0 0 0 0 0 0 0 0 0 0 0 0 0 0 0 0 0 0 0 0 0 0 0 0 0 0 0 0 91 92 93 94 95 96 0 0 0 0 0
0 0 0 0 0 0 0 0 0 0 0 0 0 0 0 0 0 0 0 0 97 98 0 0 0 0 0 0 0 0 0 0 0 0 0 99 0 0 0 0
0 0 0 0 0 0 0 0 0 0 0 0 0 0 0 0 0 0 0 0 0 0 0 0 0 0 0 0 0 0 0 0 0 0 0 0 100 101 102 0